3.67825583
7.254908608
4.436440062
3.128340406
1.665397677
1.361680219
6.967028898
1.360021959
-0.99211632
8.05990889
0.874212107
2.54113608
0.154761236
2.235957257
2.855572954
1.39795839
-2.96336867
5.500291746
6.808823717
-3.098491019
1.370922162
-2.530426784
0.727025716
2.996280315
-0.116186351
-3.042045085
2.314232662
3.888553174
-7.263872643
1.016827869
1.209477969
-0.835376304
4.392426927
4.595690249
-4.106066291
-4.001942952
7.698134647
2.294701713
7.54766903
6.132031787
5.436867092
-1.646824489
3.810402451
2.431898544
-1.376283164
-0.652087788
3.879973962
-4.150527952
4.821139721
4.093593599
-1.339534955
1.097760992
-1.91838722
3.530823032
-6.271153175
-0.040273997
6.024929819
0.964389821
4.355468615
7.401450999
0.565144886
5.075243061
1.846156525
-1.564555126
1.971396219
1.601805946
-1.611691263
4.822500611
5.345895552
6.239095545
0.949063905
6.35187899
5.171383147
-4.967667552
-1.365841828
-3.889556559
6.072921712
9.31845653
1.2887571
-0.101454533
7.980386092
2.868547211
-4.53062432
-1.747322001
-1.472223498
-3.022053498
2.297326265
-0.655513405
1.337166423
-0.129775486
-1.781482784
7.03725719
-1.893105665
0.300236808
0.468986333
4.22118303
4.066822255
7.5440353
-0.728970896
4.468344859
-0.589575189
-0.949879412
2.840571485
-1.775434291
8.012214551
-2.889536322
4.456481916
0.695780488
4.500825556
1.851113902
1.831459268
-0.655165756
-8.962324313
-1.782464278
5.165248184
6.847238268
2.797608946
-0.806488646
5.23142608
4.052961122
3.04854848
0.559870776
0.63558983
1.206420608
-2.443956062
1.91309757
7.049691189
5.388309896
6.701846638
3.798028537
5.413263515
-5.583966419
4.414342357
1.638396993
-3.910784961
-0.161056615
-7.92539091
-6.729754928
-5.288275974
1.464952024
5.218232065
5.695275776
-0.679546165
2.240786038
4.026835376
-3.427790599
1.829964768
5.73302908
-6.080863694
-2.880950073
-0.267707815
-3.321131866
9.170159863
2.081395758
1.154850496
1.866771493
1.200335117
2.786326938
0.317473398
3.115858356
3.573557404
6.361797454
-0.03876066
4.402929837
-3.856656178
-3.065265445
0.772902422
-1.171333611
0.875310252
0.032489536
5.277846509
-1.155264247
-0.302375846
2.209966148
-0.533835564
-6.702632298
5.321091912
1.031118071
3.9968739
-1.947399604
-0.568288979
-0.071191425
2.939437475
0.326740894
3.909588742
1.824768863
2.957695073
0.993772489
1.714495926
-1.013577583
-2.25046184
1.041467233
4.50284324
2.969968413
1.835043055
3.067358525
4.318686285
1.075120395
8.652527114
1.981372233
0.995361074
-0.639054225
-0.697975602
2.671350665
-2.749671584
10.19489542
1.354928249
1.429255974
9.503304825
2.86459754
0.816278505
1.341013337
1.771121398
-6.168326437
-4.227055082
-7.278331905
1.844821865
2.727044689
4.55974054
5.426815699
-0.61100257
-1.173684609
-5.388868775
2.61119421
-2.702254377
2.982030245
-1.969720465
0.535377006
-0.338043534
6.20307735
-6.011279864
5.368760061
5.622242637
2.942711997
2.312539644
-0.554615994
-0.906287153
1.005015343
-0.437052069
5.704185862
3.453238477
-5.897063492
2.483210868
1.147879572
1.484456844
2.501535956
8.058073538
-7.266554014
7.023455109
0.010571025
-0.293304016
0.875217795
3.731312691
6.002187819
1.92733684
2.132745801
4.074623358
4.257277498
0.300754334
0.70780377
-6.832239039
-4.295518131
3.604895955
-5.356169765
10.62384244
0.997676665
-0.71780515
-5.774484991
7.064897686
8.286656612
-0.681778625
-3.746821464
0.178971904
-3.891543853
4.963257437
-0.147085173
1.028234362
1.441960632
3.491710097
2.511789086
8.810367852
9.108126764
-1.386653625
6.900208569
8.229519844
-2.745892792
3.030212863
7.21019017
-7.605817613
1.518900809
6.444348778
6.34829822
3.95285756
7.75944753
1.123083001
-1.672507586
-0.845929798
4.431916342
5.278716616
2.598327084
3.515024459
-3.721602653
15.81199574
-9.921484265
3.29275665
-6.496392117
4.484332871
5.544705756
0.298075396
9.004645529
-1.499804719
0.968254343
3.838860901
2.912465267
3.579032118
0.391344437
3.547020936
-1.285622257
2.201463498
4.149325461
0.992921805
-1.442680132
-5.18494399
-0.825778356
3.552004354
6.126993329
10.77678005
8.596367617
-7.076561712
2.119098102
5.769264339
4.412835902
-0.554360525
3.977612502
-2.560178699
-1.828945794
8.405721766
-3.125669088
-4.088709531
4.90481085
3.06327053
1.744647816
1.938649119
-1.621881934
1.116668041
-6.344453261
-1.109785492
4.485466216
7.636513
-2.320107195
9.556003385
-0.08208593
-0.91280899
-1.330869083
3.027589401
3.11231769
3.132042754
3.991049072
-2.089848006
1.023591159
-1.143269054
2.558181387
0.228723175
2.52296753
-2.47971982
3.672776891
4.61793886
-7.338462786
-5.919755833
-0.800484315
3.500264734
-5.285903871
-1.899691563
-2.103619299
0.292031779
7.182317797
2.912313441
7.140116026
0.756250575
-2.374039397
1.317163687
-4.643776865
-0.04230989
4.644384061
2.008218206
8.384991213
8.389800688
1.492988282
-1.032402082
-6.528129375
-3.989907881
8.414311179
-3.418277799
6.308186969
-0.598442878
0.67460812
-2.486936834
-5.758433082
0.640346547
-1.908415639
4.265744524
-4.786672564
-0.866974381
-1.934992525
9.71418274
-9.904205224
7.103652548
7.137579097
5.039951273
10.76127881
1.849224585
-6.314595684
-3.313786337
2.723055573
-0.587688635
-1.946548907
1.421659718
1.51539272
1.418095199
-1.792104896
4.056691069
6.284185637
2.032781453
5.632794565
1.157871268
7.696700231
-7.288520794
2.368983995
-1.282602437
-2.381862476
1.854860664
1.20341778
0.76415557
9.418610462
4.613505452
-3.352326823
3.725181917
1.418118945
-0.321010547
9.874368687
-4.227172049
-1.473866708
-0.017997829
8.837048006
6.598822495
7.09105807
-5.525392199
4.732142269
7.103198188
-7.8097962
0.094806973
9.466577531
-0.58885843
3.806633389
4.390814255
5.302576059
1.069129336
-7.892958502
-1.438375453
-0.491335059
-4.433068145
1.621953174
-4.327040795
2.037294761
0.723476473
-1.314296429
8.571102726
4.007067872
5.181594657
6.268559888
0.977998264
3.751379979
1.057849789
9.218579849
6.013165695
1.566410298
9.603781999
9.444731403
-2.654712779
12.24677668
1.649192171
-6.600101565
5.942296599
-1.300674525
3.043283242
6.611685052
-2.220322575
0.222127458
1.693426173
5.652652079
11.51911425
1.855044333
0.181922465
-1.421462455
7.657282748
2.252577909
2.350167487
9.773487931
-4.188100834
2.603940396
10.5681873
-5.035315148
4.261494176
-1.629341647
5.982143236
6.663997071
1.945544587
-3.953188488
1.767979364
1.082686568
3.675023734
4.745138027
4.700971797
5.518781796
4.494373611
-2.711686017
3.891175865
7.633904795
1.082489002
-0.238333932
-3.025107565
5.384750998
0.244976414
0.518889021
-2.329909525
-3.052491155
-6.403510394
2.798480246
2.563526691
1.471433545
0.684538499
6.156759835
0.938119588
8.090506153
0.486136558
-5.731424951
2.822385462
-2.681193194
3.487013071
-0.156112384
3.795715941
-8.453653916
-1.154642119
5.171316267
1.30359576
1.279302849
2.051358301
-2.347719885
2.667483939
0.655279512
2.459177714
4.0390071
-0.41019966
2.24804645
-1.947877973
3.567555631
-2.475062646
1.383420448
-6.752652429
10.83090817
-4.597786802
4.230658692
2.12581818
-7.34239738
4.46935325
1.940973153
3.301009784
-5.685026763
-5.003062918
5.833021739
4.987763517
0.119058883
3.007051462
6.497564149
-0.903271319
-6.467771231
-4.919678971
-4.358887265
1.587339107
-0.412378822
-2.18926928
-1.386565325
-3.28020029
10.38918314
6.991983472
7.596619456
6.866562954
0.439982397
-1.581349888
-3.694613501
-0.638452422
-7.123094762
-0.293735353
-7.465459346
0.318815339
-4.09192512
-4.807036432
-6.502617223
0.978292455
3.21760557
3.986788468
1.06444605
-0.12993602
5.564118382
3.935991145
-0.054557846
2.623580559
3.389515809
-7.475739291
8.338736303
-3.846083596
-0.297451882
-1.240528126
0.299012936
1.56638515
8.793334774
1.368508347
2.663542572
-1.179290962
0.025556437
-4.219555738
-0.242467584
-2.603327725
3.120612139
-4.001105668
11.01689414
3.126522839
-3.561287127
-4.275384645
2.590974949
-7.600536351
7.529638085
0.999265328
-1.313040598
-3.589877092
-5.564684766
-5.639468047
3.407657907
0.284313824
1.604965544
5.394502719
3.025298895
1.674035643
-2.479320633
-2.11538745
1.282418192
5.580124667
-0.411942233
2.930010692
-5.443994986
-9.012890879
4.073157415
6.641821716
0.906154749
5.728685941
-1.315276823
4.894290257
-1.944472691
1.172824528
0.48358372
0.188064818
-0.108633759
3.269223017
7.619597847
4.483555284
3.715754487
-0.671155117
-1.983067176
-4.173469839
-1.408713129
0.787711896
-3.959474624
-0.884755742
3.070940852
0.29634126
-6.502767042
-1.04495685
1.659332341
1.995387484
-3.233732512
1.945531813
0.117971017
0.05737663
-5.229826256
5.864094594
5.258696574
1.206534607
-3.961284398
3.622585969
-0.054712912
-2.744094681
4.897617385
2.266131263
9.774678046
3.918903189
3.02447539
-1.982194285
-5.261505176
1.525584408
8.146845331
-0.3479934
7.153173506
10.57092072
5.646966727
-3.463518828
-5.277565901
-3.61986271
-0.239787642
2.964879136
3.403349602
-0.448117734
-3.381258884
2.554341573
-3.503817163
0.083446209
-0.938472652
-4.765220557
-2.14285858
-5.712013566
2.74022814
5.512020756
-0.585734306
-4.345035424
-1.673013398
4.157999946
1.055116919
5.335325408
5.738355587
0.408144658
4.460571698
-2.505169992
5.306327544
2.070398513
9.574909981
6.579417359
3.317101451
-3.4840306
3.172251971
-2.331550733
-3.459318
-3.983371132
-1.667044132
-9.699995689
0.560945431
9.782509134
1.373567738
-1.946253269
3.098425511
-0.917028436
1.956484587
2.251454264
3.583109036
-1.427265442
6.624473078
4.612971871
7.246464972
8.668146132
5.213212523
1.872580227
4.45309964
5.018904833
5.231559189
-1.739071702
6.226046495
-10.21063873
-1.91270055
2.048669934
-4.105955516
-1.177320019
-0.3805709
-3.325816143
4.605205203
2.412484015
-0.34584793
1.070236818
2.232466442
6.363932251
5.120880626
-10.54940284
-3.242326899
5.720550957
3.074928819
-4.705027595
-7.221168435
0.507731154
-5.160185745
0.772503728
3.191773765
-1.828750547
1.4150212
-9.422809086
-6.96480176
2.175992629
-1.362972186
-1.027474977
4.782641265
1.099865328
-0.338822067
1.611566122
2.670196608
-4.594730334
4.664047411
7.865384594
9.283417285
3.206446352
-2.536449471
-4.471634732
7.752829021
-2.077158204
0.617124876
-9.986586718
-0.367636917
2.079291504
3.744982965
0.552010044
0.346770476
-2.108487638
-6.680487801
3.210386399
-6.985448543
-4.59292616
-3.488053968
6.785653608
0.883089375
0.310724089
2.129260901
-4.305281666
-0.302716044
-5.418059905
-0.360758904
7.061029518
3.21713355
3.152438946
-3.41643584
2.614630086
-4.872918832
10.94031802
-2.219425743
-0.790349802
7.861777021
-5.307124326
2.118405442
6.805511201
-4.706199339
-2.453303885
0.53022648
6.107185397
-0.300597059
-1.142784517
-0.298498304
3.264153607
5.958397373
5.23224176
-3.770765534
2.820338977
-6.875748519
6.669654805
-0.079804008
10.57961626
-2.819144502
1.339836549
-4.656093552
-4.288146471
-3.76044173
0.831569113
-9.301626611
2.327325111
-4.279374939
2.571769785
2.254238119
-0.565240152
3.503843429
8.240600545
-4.560417721
-3.180729085
0.279738895
-1.963068265
5.274498776
-2.920000339
7.066485381
-2.374303376
3.888319433
-3.32327996
-5.360925873
6.135590333
-1.169978349
10.26561117
3.486235882
-7.346847763
8.073403455
2.415716419
-2.850306679
2.68029045
8.509940468
13.08576136
1.692020968
5.269024399
3.015967063
-1.993392623
-4.723895274
-0.660498616
-3.18915675
3.192143102
0.677107268
3.589535032
-5.190599891
-2.208021598
-3.565637479
-0.124065806
4.757863226
2.322007119
-0.094025998
-2.62139443
-0.854595032
4.8264811
0.343131788
1.90805269
6.487566474
5.908693882
-0.514113054
-2.888264268
-2.452206121
2.329618571
4.789330315
8.543391686
2.520646004
-4.081911141
0.069069112
5.450819214
-7.044405856
5.195824605
-2.589936488
2.063775771
-1.360959236
4.556358688
-2.417163759
1.077861893
3.591756245
0.292716332
-1.04715591
-0.278491987
-0.285897707
-4.541135701
2.972088961
-6.396459918
-3.541322025
4.072847609
1.094081799
-4.759707732
4.843763185
6.063038928
7.615132333
2.105622802
3.362127959
5.701123047
1.210349506
7.804736357
5.061516058
-3.194434946
-1.994454022
1.824424453
6.264831697
-1.59827359
3.43680216
-2.396782761
-4.405525579
3.489848527
13.55063014
-4.722315776
2.057533821
1.636335094
1.643162347
-4.287740886
0.654588156
2.095196109
5.797170925
2.417599119
6.352803388
-7.032334115
-1.402758945
2.044845099
5.135769383
5.480042958
-1.251797668
-7.276918822
7.229653505
-3.308070482
2.221605069
0.820177746
3.254055161
1.993493569
-0.331059578
4.232634619
1.630809008
2.549857948
2.53627947
3.517728973
1.04780322
-2.290508395
4.173131271
1.269283526
-0.952955625
-2.988825145
-1.411116025
2.180711489
8.779377493
-0.720872131
-1.014898267
0.183101478
6.205770397
0.743435596
-5.585344027
1.719919281
1.016761873
8.974876921
1.529672286
3.759643279
-4.920477617
5.118029986
-4.248709831
1.992495099
3.012988731
6.454539732
-6.546817925
7.173969997
-0.219050577
-1.525554224
2.603650065
6.642467385
5.977059802
-1.440833984
0.551357765
-2.224141863
-1.338478099
-11.11090826
1.671842119
3.132644298
-5.263613894
-3.572319094
1.509190742
-1.184787172
6.257790832
-0.106263621
4.548179891
1.498868819
-0.075548795
-0.118199558
2.234640847
8.104502453
3.064284439
2.144086506
-6.066874862
2.069940814
-0.325779589
1.791460843
-6.610512804
-3.484167241
1.511116601
5.783352127
12.84144289
4.354920452
8.672889464
4.376878611
1.689558533
-0.852747293
-0.852370575
-2.450479331
9.05172587
-0.644126531
4.979122352
3.810175136
-7.225504878
4.004141338
2.453288212
0.391000025
-2.763636088
-0.307411826
-9.182380491
-7.621258441
1.627210412
-4.245320195
-2.459033704
-3.626193101
8.26033448
10.91785072
-4.753216847
0.088909131
3.439625847
-0.795592408
-0.840654669
6.249725353
6.28809366
3.152932281
-4.59163268
10.33358286
-3.432363257
-5.578516953
2.201033199
-3.556299154
2.47163757
13.94456315
1.472442929
-4.891942738
2.404962908
-0.600789826
-2.508034178
2.594916712
-2.142144493
10.59576821
-3.746995634
0.256164114
-3.315724748
1.241574103
-0.358684336
2.293958099
3.198008914
2.458988966
-1.119610273
5.46377017
2.702551721
3.845515971
-1.186353985
7.295266149
7.107117444
3.1134504
-4.232718567
0.495718686
-0.960241366
15.81906932
4.147721231
-0.466065604
-3.101593234
6.200264274
4.572615303
-7.749194321
0.81596076
6.81855328
13.15153511
0.134747536
6.777829796
4.518732671
2.544988326
1.16594705
-1.229226858
-2.556637405
1.435094458
2.618345705
2.493729059
6.206890427
3.854466518
-11.84309922
-0.055168179
5.732420302
0.849493938
1.155943529
-9.028558124
2.677632958
3.730083218
-0.536868079
0.320345447
-5.775536329
3.218054161
2.656303582
4.124691576
-1.485050105
10.17776302
-0.099495257
-1.797913027
-0.641333826
0.92324398
-8.578374595
3.031837754
4.851175456
7.76866036
6.592743733
4.192873376
3.698702091
-0.670757025
5.872484301
-4.21685155
11.19434934
2.338540736
9.574384015
-4.087456854
1.634328247
2.865763334
2.78253785
4.058524107
0.195906975
-3.86011681
0.488440889
-3.8323036
0.532852785
0.563966242
6.610754841
3.081975092
-0.7785892
4.746506396
0.460707228
5.08423386
0.521235439
0.209307762
-5.701784238
-0.518926083
0.557480069
8.534248008
10.51712761
2.645615122
0.288074818
1.718154219
-0.471618787
-3.877809522
-6.820666035
2.243566105
-6.884559117
-3.39975682
3.215258326
1.733695626
2.940403951
1.493641942
12.0825367
-1.16323353
6.847685289
-4.166825598
-2.130519319
-1.881213601
0.310104726
1.248395924
-0.620793058
1.820521313
7.078599794
9.409753667
-1.624236954
3.352121047
0.093206019
7.643449896
-3.263883554
8.361127411
0.062517164
0.639483786
-5.834926428
-5.652808197
8.280157665
2.195529392
-5.1299781
-3.040423664
-5.88892351
4.788956627
1.44936439
6.681231341
7.058621927
6.878358359
0.08836922
1.024324979
-0.116161327
-0.957693093
-0.257371518
-0.581470241
0.002753394
-2.477376447
6.454325751
0.043466979
-4.367610851
-2.815085419
2.691851155
-1.016507059
-6.102379001
-4.965283137
4.87516964
-0.289104214
2.618783895
1.4581705
-2.715712856
0.712835343
7.061677893
-10.44245109
-0.004024188
3.112786111
-0.060031803
-8.02527603
-4.579160358
-0.769297177
6.794622341
-1.76910134
5.097369167
0.222403536
4.644767235
0.061357623
0.439856916
3.453909009
4.983638504
0.025762909
-0.119888552
-0.721380527
0.506080246
-1.786755046
-5.421904656
-7.321338789
-1.394836292
9.575302676
11.1919614
-4.644545693
4.739261889
4.824740763
1.177312306
-1.596282406
-6.429121227
0.639155426
4.55761517
-6.220679651
2.654031399
1.827638087
-3.214662264
-4.458667586
0.917206346
0.962587833
6.043275725
3.906226877
-1.609803317
-2.005891903
-2.502761476
0.094170382
2.719453959
-3.223360691
-8.907480707
1.450524966
6.299418354
-0.256208701
4.083694718
10.3176289
6.170599365
13.32154752
0.337320446
1.002390574
-8.408262629
-2.776363643
0.02099654
0.776686034
-8.289459455
4.260112015
-0.302977382
-2.984591905
-1.771489445
1.635430893
-1.898560767
2.688044287
-2.296715036
3.204765624
-3.586418871
-2.683917791
-1.769896908
0.80238717
-3.386206447
0.044622701
5.895500965
5.271375768
-4.496532639
-0.006551257
-5.837848961
0.336087264
7.085853086
4.39270762
-4.67118359
