4.820866128
5.963476427
4.523222363
3.256532900
2.246228425
2.397585445
4.620752917
2.151368427
1.264676872
4.891571703
2.181792159
2.087172717
1.084626551
1.941811015
2.210702995
1.189855056
-0.247199550
3.748084082
4.238952388
-0.409921966
0.318341786
-1.058555216
0.508290920
1.637667464
0.049818306
-1.206021537
1.210185716
1.418299075
-3.314095762
-0.146936839
0.692692670
0.498751580
2.973066258
2.608659598
-1.729808364
-1.315760470
4.470652387
3.802100723
6.148347078
5.695949531
4.371387470
0.915866167
2.585726175
1.806233632
-0.224588733
0.047977762
1.720675357
-0.925224257
2.879483519
2.800878893
0.136844853
0.425570431
-0.630085113
0.890863558
-2.868106719
0.179015916
3.664718376
2.429997949
4.126493777
5.365039930
2.530763944
3.627726074
1.829654229
-0.001422208
1.293767192
1.233698539
0.437415072
3.739344274
4.874960803
5.068707835
2.921679448
4.719882145
3.254091153
-2.046283829
-1.503891363
-1.237597968
4.332612610
6.422204984
2.719294266
1.877457878
4.993446313
2.135555190
-2.188319974
-1.827586445
-1.627381804
-1.737493776
0.721513696
0.028896031
0.705097238
0.117160074
0.023094029
3.538181612
0.055118037
0.468501866
1.218415813
3.467188718
4.207972999
5.231058768
1.628191474
2.739648919
0.393714486
0.014359402
1.563481948
0.558425418
4.221088306
0.301498704
2.763979154
1.841454081
3.210276195
1.997999585
1.079494342
-1.342940753
-5.140925841
-1.296113986
3.521398453
5.051211430
2.988970732
1.309453608
3.861820990
3.674978192
2.732169533
1.156602980
0.774500834
0.670220695
-0.506459271
2.191854345
5.447681513
5.499489327
5.773656003
4.191441408
3.396052555
-1.433758217
2.036847416
0.752463167
-2.303788734
-2.146048182
-5.958290763
-5.836333050
-3.927531581
0.702758673
3.808662224
4.095426092
1.182490592
1.993628605
2.310451754
-0.805492342
1.323160077
2.438203114
-3.036405781
-2.422098849
-0.890089471
-0.602843403
5.120979591
2.746442042
1.701997059
1.751845204
1.571840770
2.134847642
1.394895923
2.809789252
3.612544374
4.493273437
1.636954466
2.132065747
-1.914551151
-2.076957994
-0.262749935
-0.519846592
0.526030790
0.873349250
2.902387136
0.180506278
0.130166470
0.944911292
-0.770453596
-2.959054549
2.339499997
1.674870714
2.297746718
-0.477631642
-0.313474076
0.360313294
1.897110104
1.349252172
2.846416797
2.217237532
2.372995605
1.359354743
1.076878388
-0.480833041
-0.973055388
1.089535170
3.248261602
2.897824758
2.403100604
3.044491549
3.640148541
2.878730043
5.724530843
2.714339101
1.170081093
-0.024736875
0.009079856
1.457007501
0.476248820
5.947330946
2.923284123
3.035949048
6.362000122
3.405441789
1.530571955
1.084289021
0.124557454
-4.128302001
-4.301112584
-4.622038170
0.369623715
2.410889298
3.819844100
3.749006023
0.322548592
-1.236806514
-2.922405432
0.324922337
-1.000293640
1.078411856
-0.650119426
0.260551369
0.621570890
2.901819260
-1.420448551
3.438946263
4.438713483
3.071422393
1.961552096
0.149706705
-0.253493290
0.648894440
0.839040366
3.581371160
2.078072551
-2.175557911
1.013822788
1.264427328
1.748127381
2.759168506
4.285474732
-1.733416656
3.313966674
0.942373133
0.434383809
1.381770136
3.342261146
4.524649067
2.751959484
2.628515191
3.496609676
3.208676798
0.823542520
-0.516015385
-4.303211599
-3.032352933
0.764836127
-1.118094468
5.475125532
1.770911715
-0.386832003
-1.882629429
4.405284271
5.373971142
0.517287073
-1.941265599
-0.788706541
-1.571504373
2.285776756
0.788096523
1.160779684
1.798553487
3.149513002
3.816078325
7.091222126
6.928074473
2.404822240
5.464521736
5.652847567
0.687828845
2.590253397
3.612759018
-2.559597664
1.360485550
4.963738247
5.605769881
4.762744836
5.539494344
1.876337481
-0.280310422
0.347436003
3.361914029
4.236387430
3.026202459
2.671768238
0.630821575
7.294723369
-3.075919578
0.244566849
-2.531326327
2.622912079
4.054308900
2.504912008
5.369188342
0.962550301
1.480622301
3.023430216
2.935376762
2.893146298
1.479144195
2.240741606
0.389780358
1.889624338
2.765790000
0.874884741
-1.252094648
-2.997903069
-0.369629649
3.170941183
5.949385675
8.372614860
5.987513666
-1.615295430
1.704428038
4.194811377
3.536288791
1.124671984
2.071120194
-0.795416212
-0.132427645
3.923597219
-0.984627010
-1.610767082
2.718977744
2.677056360
1.862706634
1.284474543
-0.602106698
-0.449137467
-3.427779253
-0.573073022
3.355058149
5.022373187
1.461408597
5.463475592
1.280486999
-0.177355734
-0.164291954
2.181926083
2.836817484
2.940708474
2.661930905
-0.275082999
0.417433110
-0.102366878
1.459637487
0.824554053
1.381132375
-0.345959614
2.194468810
1.778281071
-4.317222248
-4.370244489
-1.324244041
0.674236953
-2.979337615
-2.019779669
-1.300397936
1.025426524
4.818040474
3.882099779
4.885731758
1.380595201
-0.875852103
-0.135924819
-2.302174548
0.214780358
3.245915760
3.480114559
6.658106065
6.382327273
2.091601653
-1.001897226
-4.034386394
-2.079389600
3.696643757
0.037342268
3.289280915
0.503407454
-0.078765344
-2.167685071
-3.618101273
-0.787853857
-0.814007249
1.348656140
-2.322857239
-1.066739969
-0.210153875
4.096109520
-2.833773524
4.377206830
6.135295750
5.888817976
7.340073608
1.948918835
-3.242847439
-2.291117222
0.705951224
-0.331189030
-0.855330072
0.802966556
1.223876861
1.061755446
0.186954526
3.270272449
4.780753130
3.284368799
4.291159161
2.614678716
3.851813166
-2.600826514
0.321922365
-0.849452017
-1.154525560
0.995074731
1.425103154
2.298502325
6.240595006
3.826656774
-0.160978815
2.234081613
1.646941434
1.517446234
5.064864597
-1.006725219
-0.637421376
1.404773131
6.292509559
6.091169094
4.874521827
-0.775197928
3.075470860
3.612796831
-2.830679911
0.684075925
5.377369666
1.892247677
3.369337903
3.971837159
3.736382221
0.368539606
-4.400482469
-2.184552477
-1.460976535
-2.676683544
-0.379621350
-2.085708204
0.690870122
0.774599172
0.960573621
5.696288169
4.682373604
5.019070504
5.030719098
2.566686110
3.280028816
3.050669196
6.806948391
5.739964671
4.126578904
7.633530348
7.199978490
2.276920808
7.217130299
2.098047027
-2.123326534
2.608849967
0.674133204
2.689031898
3.995427904
0.069309614
0.722455704
2.376258284
5.395725087
7.901337905
3.171398035
1.074165567
0.761419302
4.814436553
3.181761412
3.407453276
5.747716720
0.036437740
2.774235909
5.852625102
-0.500110099
2.217564799
0.847380942
4.430642264
4.910901642
1.884970162
-1.262110167
0.972966147
1.618016026
3.333724820
4.366835787
4.643342272
4.804589707
3.537452966
0.356474933
3.311818801
5.108448540
1.854165770
0.143236536
-0.804551761
2.688771549
0.790135960
-0.018180535
-1.900636144
-2.924544989
-3.692561504
0.961319761
1.940880057
1.675147085
1.816841193
4.223140690
2.762201896
4.949427720
0.854496677
-2.503714126
0.593496720
-0.767069919
1.700609994
0.595483753
0.993549785
-4.212716494
-0.937107931
2.773569010
1.688751437
1.374245217
1.249623733
-0.478466888
1.531948486
1.271292952
2.242664300
2.781008821
0.803356783
1.252817631
-0.288179158
1.490221682
-0.886045374
-0.084277888
-2.217907073
4.717954453
-0.572091456
2.189253327
0.867787379
-2.969740171
1.938046698
1.783220463
1.312888849
-3.133684635
-2.477573863
3.229515019
3.729590461
1.713319792
2.885570941
3.814861048
-0.621255046
-4.493338594
-4.416556868
-3.333530937
-0.199792350
-0.640316677
-1.536716715
-1.128011621
-0.202199119
6.879615723
6.942295733
6.905600265
5.486866416
1.308739491
-1.131873247
-2.673532701
-2.173030556
-4.741684678
-2.547518631
-4.860919140
-1.965239237
-3.637668487
-4.401584471
-4.354596533
-0.011567214
2.351742765
2.983327136
1.607988841
1.319736129
3.930827715
3.275337968
1.298541865
2.027945186
1.566077760
-2.542665765
3.214737761
-1.275855796
-0.625993755
-0.633215459
0.574188172
2.331942276
5.620810633
2.564630707
1.900695501
-0.288933848
-0.697848970
-2.553574907
-1.077339180
-1.270846646
1.200608047
-0.167945445
6.129821508
2.653443198
-1.769094394
-2.607246519
-0.109122392
-3.011192948
3.265423302
1.013609986
-1.209514013
-3.225584841
-4.513071168
-3.697330299
1.002686067
0.892758753
1.999721296
3.896195344
2.796054642
1.237425432
-1.194424198
-1.056480958
1.199275265
3.288745633
0.795457933
0.716970566
-3.787597053
-4.979368807
1.895903584
4.416668315
2.487126242
3.719527154
0.933610492
2.645468461
-0.140317162
0.682208274
0.523501201
0.444629089
0.878885518
3.288180501
5.735390453
4.414185617
2.954241446
-0.028728807
-1.726846439
-2.912522598
-1.576304275
-0.575268243
-2.300192490
-0.706552468
1.243494100
-0.461352834
-3.681587957
-1.259464910
0.733642018
0.875368300
-1.222943784
0.700321586
0.133166502
-0.403597610
-1.862310204
3.414009308
3.790158248
1.229230536
-1.286305316
1.548116994
0.233601353
-0.504285757
3.237444983
3.658830917
6.865616159
4.254277626
2.313687968
-1.048476534
-2.543205532
1.398664756
5.086695741
2.654427547
6.227001247
7.947230430
4.420079033
-1.560847754
-3.736432392
-2.829750012
-0.342842238
1.937956345
2.164909347
-0.085018162
-1.608746528
0.412549817
-1.849737351
-0.803864894
-1.532614641
-3.449648368
-2.735537718
-3.206785343
1.332423477
3.056022971
-0.132373103
-2.414046773
-0.833743142
2.425101002
2.218147259
4.337254196
4.460218709
2.026909466
2.831129839
0.376466493
3.685076119
3.751182895
7.178858434
5.814430879
2.920030365
-0.768512323
0.973981543
-1.680065446
-3.031141863
-3.525866004
-3.105579889
-5.562365288
0.256110116
5.464914890
2.038531175
-0.057925667
1.622272697
0.350165433
1.612445906
2.186649016
2.631241631
1.172099434
4.911686990
5.225702369
6.765178743
7.342082659
5.266859629
3.298930810
4.183703157
4.529682539
3.897217331
0.596068408
1.965199705
-5.187362580
-2.293372563
-0.160726574
-2.446873599
-1.414856791
-0.857913529
-1.255655523
2.486923723
1.992940008
0.659868279
1.338228967
2.552573954
4.407133963
2.348097398
-5.256505624
-2.275314213
2.639902569
1.393822575
-3.214469908
-4.841647016
-1.709781287
-3.012940439
-0.021608978
1.381497071
-0.835950268
-1.067797050
-6.265280334
-5.147706112
-0.395940594
-0.788041522
-0.030281122
2.721866989
1.352466549
0.488268550
1.278251786
1.401606350
-1.012219600
3.738975916
6.640028442
7.090368665
3.154611649
-0.884814775
-1.620971807
3.344197011
-0.507898192
-1.221473372
-5.612245047
-1.254333380
1.330185359
2.416491809
0.845815948
-0.137248103
-2.088349314
-3.999173878
-0.547370595
-4.611081300
-3.926057518
-1.907296454
3.272979638
1.427907790
0.672472772
0.640535121
-2.368854090
-1.505388150
-3.047266421
0.152442274
4.378553327
3.239711996
2.146027558
-0.960479656
0.844925497
-0.889078529
5.344598050
0.386834691
0.641592199
3.760233710
-1.324211400
1.557169340
3.316077878
-1.903880230
-1.519200121
0.733687518
3.393497231
0.625930614
-0.288580659
0.505315786
2.906840411
4.593738645
3.551319421
-0.852944480
0.578433727
-2.473998565
3.277069050
2.242965155
5.854399586
0.015400670
-0.154507902
-3.313105376
-3.785726500
-3.253507681
-1.707420764
-5.239313600
-0.646580416
-2.001658284
1.198697156
1.652907338
0.904455959
3.095396801
4.469444387
-1.698820344
-2.143890319
-0.515282763
-0.476718522
2.534545204
0.065901785
3.569062615
0.077377912
1.489055784
-1.897793641
-2.433670429
2.884963672
1.702344452
6.264370833
2.823916540
-1.941176436
4.105073242
2.214662493
-0.077856108
3.174526435
7.415380947
9.467116417
4.281562002
4.275089654
2.280747815
-1.184032520
-3.030092648
-1.488547523
-1.603100214
1.454460168
1.036654681
1.337944021
-2.863948663
-2.412538891
-2.370163703
0.063159035
2.870931455
1.904840332
0.104415635
-1.299125794
-0.058129952
2.775796050
1.508351952
2.571348182
4.960935396
4.297260453
0.410718651
-1.626159740
-1.138829074
1.975255685
4.380614671
5.968542371
2.406771440
-1.382748619
0.226056367
2.148835864
-2.532351338
1.810570494
-0.617015894
0.901238904
0.094419968
2.198359441
-0.413699580
0.981169757
2.182654823
0.565937043
-0.504339315
-0.488982482
-0.894606637
-2.517648654
-0.093716577
-3.801395575
-2.318945887
1.608256077
0.606274976
-1.371319773
3.427861398
5.395238995
6.027016726
3.482563244
3.691990645
4.561143418
3.150336933
5.619505303
3.718211565
-0.869691160
-0.808106312
1.626173955
3.663953226
0.499975555
1.532496172
-1.243595185
-1.713311389
3.201400785
7.539217475
-0.145791165
1.322249416
1.319721186
0.683965140
-1.870185321
0.410775347
2.204110397
4.215274022
3.062643842
3.200103109
-2.967838181
-1.006787604
1.746205655
3.901920026
3.589935684
-0.502263207
-3.095393175
2.674528152
-0.665801229
1.278407896
1.336222676
2.426127316
1.860176265
1.027590607
2.912305319
2.156361432
2.451522393
2.550012243
2.675967638
1.118400365
-0.297972618
2.270725952
1.034613883
-0.670837471
-1.812052516
-0.599722304
2.235395349
5.179880722
0.925372554
-0.036646245
0.957839000
3.501799287
0.637817356
-2.437401055
0.783266477
2.130628400
5.705723379
2.742511274
2.204977146
-1.441889249
1.868421090
-1.320486361
1.347053129
2.723708679
3.521804124
-1.545571648
3.389545133
0.755812186
0.071804764
2.582515320
5.050956384
4.336375446
0.340425795
-0.093004297
-1.815158515
-2.719346036
-6.385269430
-0.599915164
0.641924536
-3.097675289
-2.505397904
0.220721861
0.369903866
3.628467946
1.628386253
3.097604309
1.665671201
0.567342858
0.754797820
2.688247539
5.528910642
3.218390124
1.216080975
-2.642239237
0.348711803
-0.102795181
-0.108333350
-3.913459903
-2.324480654
1.583871769
5.637734530
9.400362096
6.280828072
7.013109290
4.425830161
1.936454131
-0.059130701
-0.467482350
-0.106057548
4.944210821
1.779449091
3.461838606
2.109660630
-2.643546357
1.767163699
1.703918477
0.141933784
-1.918183391
-2.287395172
-6.616573647
-5.814138432
-1.397463201
-3.030135195
-2.232437190
-0.981546156
5.558638767
6.695432265
-0.612611147
0.360556840
1.877020245
0.268272444
0.787254349
4.562054291
4.961512108
2.707806821
-0.436149385
4.730860999
-1.307572339
-3.096423842
0.078910877
-0.989999049
3.073691234
8.341488845
2.403137847
-1.673823315
0.685454369
-0.394285024
-1.061014814
1.166294125
0.536357889
5.263426417
-0.674188639
-0.466189707
-1.702898417
0.286045537
0.363932358
1.887052566
2.596361709
2.102376440
0.895166120
3.717508587
3.047327886
3.066699516
1.528438236
5.419761398
5.560075059
2.606303949
-1.361760063
0.412092932
2.018694419
9.583167477
4.675836850
0.824737460
-0.444755803
3.599425798
2.441930445
-2.976934624
1.148719699
5.939891902
8.973741350
3.652003276
5.364776684
4.251443868
2.603533447
1.072713267
-0.644574477
-1.192557460
0.987619447
2.272846331
2.867074469
4.207993426
1.551118382
-5.712452936
-0.714731684
2.963862559
1.105341315
-0.241485177
-4.383169079
0.765925108
2.091603596
0.140322838
-0.456576085
-2.607318070
1.578376461
2.484715593
3.047878748
1.457416248
5.751886455
1.194603531
-0.774481817
-0.696704744
-0.729669506
-4.068461241
1.612573733
4.455080664
6.505398012
6.029190663
4.425877176
3.288571288
1.331003792
3.376957932
0.431859335
6.784182508
4.316172017
5.803424088
-0.251243696
1.366514835
2.448646544
2.696544673
2.772456449
0.276232909
-2.059338763
-0.793354342
-2.090960384
0.094120006
1.401734837
4.384886858
2.916302912
1.116374605
3.106373910
1.816108241
3.236644599
0.962002436
-0.431105734
-3.105040897
-0.585489377
1.800935556
6.674271461
7.827654273
3.602090410
1.289477121
0.979668440
-0.807111799
-3.264878061
-4.496781400
-1.080915470
-4.314012691
-2.406017059
1.489458095
1.933332786
2.776481798
3.291786505
7.403380339
2.156661452
3.549732530
-1.653101911
-1.828488979
-1.399815365
-0.008345281
0.746224791
0.496452596
2.481171710
5.787191616
6.510395168
1.434881722
2.477605629
1.771298700
4.421177135
0.626510046
4.612630158
1.101755764
-0.330641428
-3.703289050
-2.812661915
3.758257783
1.285377715
-3.007805705
-3.056644336
-3.137924309
2.282794118
2.691187529
5.583227218
6.279258662
5.416563574
1.630278918
0.927813659
0.032325759
-0.566187970
-0.381691454
-0.445834811
-0.238707308
-0.514501207
3.135455373
0.147671197
-2.631704541
-1.939267661
0.504804735
-1.425215709
-4.172653452
-3.060640098
1.860659334
0.752938156
1.729301717
0.926700922
-0.938839028
0.749368677
2.510643051
-4.830152258
-0.946349903
1.052801024
-1.068018225
-5.204810319
-3.700670989
-0.439552923
3.481053653
0.774522851
3.155240431
1.651700539
3.006754653
1.085783602
1.213664509
2.889160601
3.435159877
0.884201898
0.050121898
-0.443937201
-0.383109648
-2.100661882
-4.446027789
-4.839639963
-0.269854486
6.549894602
7.318827544
0.341492773
3.336234935
3.524923189
1.113976296
-1.423642618
-3.615981954
-0.182042746
1.609500118
-2.495187123
0.851110691
0.591567090
-2.140118505
-2.722716582
0.166587349
1.554653285
4.126850125
2.866195764
-0.474520822
-1.544672419
-1.692385048
-0.219344823
0.626664993
-2.712903121
-5.031556097
0.401640147
3.737066754
1.947790161
4.566511292
8.150865571
7.401693193
9.114708471
2.414045650
-0.133166763
-4.951493849
-2.856283375
-0.920912364
-0.869359161
-4.109896349
1.008692675
-0.375556981
-1.904965834
-1.275122545
0.347454542
-0.605921072
1.025982706
-0.666236680
0.902500645
-2.133291989
-2.262830857
-1.550195857
-0.398158755
-1.647213504
0.581717635
3.884838641
3.166635000
-1.761050176
-1.217770425
-3.096929011
0.505752305
4.447763701
3.113596327
-0.778793631
